i
36 27 -35 43 -15 36 42 -1 -29 12 -23 40 9 13 -24 -10 -24 22 -14 -39 18 17 -21 32 -20 12 -27 17 -15 -21 -48 -28 8 19
f
43 6 -39 -8 -21 23 -29 -31 34 -13 48 -26 -35 20 -37 -24 41 30
i
23 12 20 46 31 -45 -25
f
-23 -14 -45 -4 -21 -37 7 -26 45 32 -5 -36 17 -16 14 -7 0 37 -42 26 28 38 34 -47 1 4 49 -18 10 26 18 -11 -38 -24 36
i
-11 45 20 -16 28 17 -49 47 -48 -33 42 2 6 -49 30 36 -9 15 39 -6 -31 -10 -21 -19 -33 47 21 31 25 -41 -23 17 6 47 3 36 15 -44 33 -31 -26 -22 21 -18 -21
f
-31 20 18 -42
i
-10 -1 46 -27 -32 -5 -4 1 -29 5 29 38 14 -22 -9 43
f
-16
i
-26 -36 37 6 -7 41 -23 15 9 -14 -18 1 -13 -22 25
f
24 -29 8 45 -21 -13 -15 43
i
-22 -7 -39 -22 -21 26 -46 -7 13 -37 -12 -44 -10 -46 -32 -22 38 19 -33
f
46 -26 -7 20 33 40 49 22 -25 -6 40 -45 -11 4 36 19 32 -8
i
47 -43 5 -46 -2 -39 -28 -22 49 -7 -4 18 -10 -28 -39
f
-45 -49 11 -20 28 -45 -30 -14 -6 -24 -28
i
-42 -34 32 8 -26 -13 12 -26 -50 -14 2 49 29 18 21 23
f
31 -20 -17 44 10 13 49 31 49 46 9 23 -37 18 40 45 -24 16 34 -10 40 34 26 -8 -14 -43 -5 6 29 -32 37 -38
i
22 9 -41 -14 -40 -8 37 -44 -49 -37 22 -29 5 -31 49 -29 -46 -11 -39 -10 17 -45 -22 -23 0 34 8 -30 -26 -28 19 46 31 -20 34 42 22 22 0 -25 35 -28 49 -10 -8 48 -37 48 40
f
40 -41 31 -31 -14 -18 5 44 -46 29 19 23 26 5 10 -8 29 34 43 -45 -29 17 -46 -37 11
i
-24 9 -6 -48 -48
f
34 -29 -8 18 -22 39 22
i
8 48 -14 -42 3 -2 -47 -17 -17
f
40 4 17 -4 18 -21 -50 -4 38 47 -1 40 -47 -17 13 47 3 42 36 -25 2 46 25 38 7 -21 -14 10 -36 -29 10 -46 -22 -23 0 -2 6 -48 44 47 49 -7 -11 -48 -22 -47 -50 31 -3
i
9 1 -15 -16 -11 42 -35 -23 -46 -21 -1 14 35 -21 -7 -15 27 -50 -12 21 -1 39 17 38 42 45 -7 -6 -21 40 32 -10 -9 19 -24 -18 11 -8 10
f
-27 11 31 -41 40 -25 46 17 27 -16 40 -24 -26 7 -36 18 -45 8
i
36 -50 -4 -24 44 -34 2 28 -21 -4 40 -3 20
f
30 -19
i
7 -23 -38 36 -36 5 -38 40 -38 29 -40 19 39 24 5 -9 -30 -17 37 38 -12 16 20 34 6 -33 -44 10 -1 -13 -45 9 -33 -32 -5 33 23 8 23 -13 39 33 -43 28
f
-36 21 -21 -50 9 -32 -12 -25
i
24 -17 7 31 43 8 20 49 -33 -11 19 13 -28 44 23 -3 -19 12 32 40 42 41 7 -35 -29 7 24 41 -3 1 -19 -29 -13 -10 4 -20 48 -25 31
f
-34 -48 -19 -11 46 -46 -12 30 -32 -29 20 12 -38 29 27 35 -14
i
26 33 -43 9 7
f
49 -39 -23 -14 10 -32 -45 13 -1 -6 -39 -45 -16 41 25 5 -36 39 18 43 -32 -45 32 -28 32 -33 -20 43 24 -24 43 36 3 -7 24 -36 -37 29 27 12 25 38 -31 -40 -18
i
-33 -4 -15 -13 41 3 -7 23 -22 -25 41 -40 -32 -33 -14 13 5 40 8 -20 -46 21 11 -17 35 39 23 -46 1 -45 0 18 -47 35 -44 45 -11 -1 -30 17 -24 13 27 46 31
f
10 -14 5 20 -32 -39 -8 -18 46 29 -29 20 34 22 -23 -16
i
33 22 48 -20 13 -3 0 -20 23 -36 9 -28 -3 -26 32 -15 -18 -46 4 -7 48 36 -10 28 9 12 12 33 -9 -2 -27 -26 22 -28 4 -15 -29 7 15 -3 21
f
19 -32 -49 -47 3 -17 -43 9 -22 -44 47 -30 34 -42 -16 48 41 26 48 -35 2 21 39 9 -44 -40 -34
i
-41 -11 -50 28 -41 3 31 -36 -12 39 -24 17 -3 -27 37 -19 -18 -28 31 25 0 29 40 4 0
f
-37 7 44 31 31 -47 -30 -17 32 31 37 -35 46 -25 -46 -28 42 1 47 -18 -16 31 -44 -35 7 -42 45 49 12 47 33 26
i
27 -41 37 -18 32
f
16 13 10 32 -39 35 36 35 -20 40 33 -36 26 -34 -30 42 -25 -22 -11 -25 40 -14
i
-32 -7 -13 -22 32 -29 -40 5 38 -25 -35
f
-13 3 -42 -28 33 7 47 -23 -24 19 21 1 -1 -40 -22 -11 48 38 -40 43 27
i
26 49 2 -19 37 27 49 7 16 2 -33 -9 -15 18 48 34 45 26 -45 16 -22 4 -22 -42 43 28 47 5 22 24 -5 -50 -25 47 33 -38 -23 32 -29 43 -16
f
-16 -29 9 35 7 4 11 12 22 -9 -34 2 0 12 32 49 -33 4 23 -35 -44 1 14 40 13 41 22 -13 -13 9 -22 21 30 37 6 40 -9 20 2 15
i
19 -33 11 33 1 -38 -50 -44 -12 17 14 39
f
4 -46 25 29 -9 -38 -12 19 -14 20 6 -6 10 -1 -36 15 -36 -24 36 33 -11 19 -15 2 -29 43 40 39 -41 -19 23 14 -15
i
45 27 -37 -17 48 -1 5 5 43 18 6 10 -17 -27 36 21 8 27 -10 -5 31 11 40 -27 0 -50 4 25 14 -8 -26 9 -31 39 -6 19 -12 1 26 33 -31 -17 -7 -46 6 31 25 16 -39
f
-38 42 -21 -48 18 -19 -48 24 -43 -32 -34 33 27 37 22 23 7 12
i
-17 47 46 -32 -9 3 -24 24 30 43 35 -2 -45 -20 -21 9 48 10 12 -26 -31 30 -9 -48 -40 30
f
33 39 -10 -42 -27 -12 7 43 -19 -40 -30 -45 40 -37 41 -12 20 -29 17 -21 21 30 -7 45 49 -26 38
i
36 19 -18 19 -40
f
-20 -17 13 37 29 44 -1 49 1 -11 14 -8 -20 36 -35 -1 -35 36 31 -39 -16 -17 37 -28
i
23 -7 -31 -8 4 -6 -26 -11 9 13 -32 3 -38 19 -45 -46 -17 49 -16 -31 -35 -15 37 3 19 37 -48 -13 12 39 -40 -45 10 -46 -39 7 -21 -47
f
42 -29 -28 -45 -7 29 11 -22 28 -3 -50 -5 32 37 49 1 39
i
3 -24 -2 44 -14 -44 -43 42 -33 14 -29 -30 30 16 44 4 -27 -13 -17 34 -33 -38 -19 -33 -41 15 6 -42 19 -5 45 -28 21 45 19 9 -49
f
2 21 -10 -25 -7 22 41 39 -23 16 28 -38 0 46 -26 -17 -37 36 49 20 44 18 -35 -9 -8 -11 -13
i
48 40 -11 -48 -37 -19 -22 7 -46 21 -4 33 -12 -25
f
-10 -29 22 -24 -16 8 -25 6 2 -5 22 -4 -11 -39 33 -47 11 -25 -8 -34 -11 24 -6 46 -20 17 44 -37 7 -31 10 42 -18 26 29 40 3 -15 45 48 -43 -9 -13 20 26 -10
i
-49 33 -50 42 -41 46 -10 -11 13 -15 -46 23 -44 14 -27 1 -1 1 -20 -11 -46 15 36 -48 -25 29 41 -3 -43 34 -19 11 -31 -19 3
f
-23 44 -31 -7 31 -27 18 37 -11 -7 -12 38 44 -30 30 48 36 -32 2 13 48 45 -40 -45 29 -8 16 48 -25
i
28 3 16 47 -2 -3 22 -34 36 -38 9 27 -50 3 47 -18 -47 -15 1 -43 48 -1 4
f
-44 -16 -47 -25 34 -22 47 13 -17 -35 10 31
i
35 47 -50 47 -42 -21 -1 -37 29 -16 -34 -36 35 25 15
f
-20 -24 42 -34 -21 19 2 -41 16 -35 45 -17 -22 26 -3 -37 -24 -50 12 36 -21 13 -50 -42 47 -34 25 32 -6 -10 -30 -24 -32 15 44 49 -16
i
-42 3 12 -47 36 -8 -18 -16 -43 -40 -16 19 46 -35 34 46 -26 32 15 1 -34 11 -7 -13 37 11 -48 31 10 38 29 -30 -9 43 -26 -22 -15 -42 12 -8 20 46 13 16 -39 -50 -35
f
-16 -18 40 43 -17 -11 30 44 43 -37 4 32 -6 25 -27 -12 1 1 23 -39 15 18 31 -37 33 49 27 -15 -36 14 19 -4 -43 22 41 -10 -39 -27
i
7 -14 43 -11 31 -30 -36 21 21 -32 46 -16 33 14 17 47 -50 17 24 -15 -17 40 7 -18 -1 -21 -27 40 42 -3 -21 -1 -15 -28 -10 18 -7 5
f
16 -25 -14 3 10 2 -30 7 -46 37 33 -10 -29 -24 47 -45 -23 28 -22 19 20 -23 48 -30 13 -29 10 33 -34 17 -27 32 42 -39 -15 3 13 -42 12 18
i
48 10 18 26 -41 23 -47 37 4 23 7 31 -27 -21 46 -6 -8 30 -38 -41 5 -3 4 16 -16 9 31 -8 23 -49 -12 21 -37 8 49 -28 34 5 11 40 30 21 -27 -47 -50 -30
f
-8
i
-38 -46 -43
f
8 -25 44 -33 8 -14 40 10 -24 -36
i
-13 15 -2 -29 -30 -41 13 -50 -18 36 -46 -17 8 6 -23 -40 18 -19 19 -22 -9 -4 24 8
f
-40 -49 15 39 17 40
i
-18 -12 49 -45 -50 12 7 -18 -2 11 -33 -43 19 47 19 -12 -22 -11 -32 20 35 42 30 -8 4 -17 -43
f
-50 -29 35 38 -30 40 -10 -16 -3 -25 33 11 44 -8 -20 41 13 -30 -30 4 -12 -8 42 -20 -28 -16 35 -42 44 30 -42 -6 -48 -5 34 -28 37 -25 7 -15 -48 42 -2 46
i
-20 -10 -1 1 -38 6 39 4 -2 22 -22 32 7 38 26 -13 47 -30 -11 44 -45 -36 32 32 -27 19 -14 -35 -33 34 3 49 -26 4 0 -14 -40
f
-8 8 14 -27 -9 -29 -39 19 -40 10 40 -48 5 -3 -34 39 31 -11 8 -33 -44 25 -49 -39 24 28 15 27 16 26 19 11 -16 -17 -14 -23 -44 49 47 -34 10 -11 20
i
36 36 -42 17 27 16 -14 -15 43 -13 -4 -31 17 -38 46 -16 -10 -33
f
24 -19 -48 -42 -20 1 -25 -8 40 -3 11 26 -16 19 45 13 -15 -19 1 30 -30 47 -50 38 11 46 24 -49 -36 19 -22 -34 2 32 -25 32 -17 -48 27 -27 -1 40 1 -15 10 -4
i
-3 -21 -48 -22 -1 49 -22 39 -37 26 13 16 40 34 44 9 -14 26 34 21 -41 -12 -50 34 -11 40 -15 25 0 31 -24 12 -22 28 14 29 8 3 -6 -16 19 -39 27 -45 7 -14 -8 -16 22 15
f
-40 15 -18 -1 -43 17 26 8 -49 -48 10 13 32 -12 -23 -36 46 -17 8 -20 4 19 -43 9 -23 45 -49 -37 17 -32 10 -21 -15 42 -19 -7 -38 -43 3 -37 12 -37 -22 46 1 6
i
49 -9 19 31 45 40 39 4 19 -14 -42
f
-46 -24 45 -17 -36 37 14 7 1 -26 -40 14 -12 -27 43 -16 -24 -49 -5 -25 44 16 -44 39 6 -3 45 -24 34 -47 10 -10 32
i
23 -2 45 40 -45 -4
f
17 13 -46 40 -42 40 18 11 -15 43 5 -49 1 -6 -40 1 41
i
-15 -3 -2 25 31 6 -50 -21 1 -8 -16 -1 10 -49 14 14 -7 22 5 -39 -17 -8 6 -10 46 9 -14 8 -40 -22 -4 47 25 44 -26 6 0 -25 35
f
-31 21 5 30
i
-31 46 17 -6 -47 -20 -21 -4 36 20 44 -5 8 2 -42 36 48 -45 -37 -6 -20 -29 -3 -43 8
f
28
i
-43 8 3 29 -43 22 25 -40 -48 -46 -42 -10 -24 -48 36 35 -44 -4 -27 -46 1 -13 -49 -17 -40 -2 42 19 -50 21
f
-42
i
6 37 38 -22 12 1 33 -32 9 -27 -5 -36 11 32 22 -43 7 -21 -39 44 -20 -6 7 28 -13 -24 28 10 -22 36 -9 34
f
32 15 -11 -17 -2 8 -6 -27 5 -40 35 39 33 -6 -4 -38 5 43 -8 -50 0 -30 39 -22 0 -1
i
-13 -8 -9 -36 -26 8 4
f
8 14 4 31 -31 -34 -32 10 49 13
i
13 -32 49 -45 20 -49 27
f
-21 -22 -38 36 -33 5 29 33 29 39 -13 39
i
3 45 30 -26 -39 49 34 -39 -36 -7 -24 34 -8 -18 -43 46 11 -32 -25 -9 -19 13 -40 36 44 44 -33 -15 33 8 32 -13 3 -35 -37 -33 -36 48 30 30 -9 -44 14 -15 -12 -27 -19 2
f
-41 -5 -25 -26 6 13 21 -48 30 -44 35 41 39 24 -6 6 38 11 20 -12 -9 -48 29 -2 -32 16 -12 -8 0 -8 34 9 38 11 -15 46 -26 -44 48 6 -37 -15 -3
